Algorytm: branch&bound
Ilosc miast: 22
Seria wykonan(150 lacznie, czas liczony dla 100)

0 19 56 75 123 111 122 68 18 90 80 35 48 86 93 113 44 111 74 22 96 28 
19 0 95 101 106 110 5 77 64 23 58 75 3 62 88 33 66 120 45 54 94 24 
56 95 0 124 63 124 88 37 67 57 56 101 11 29 121 99 51 80 21 29 91 1 
75 101 124 0 18 73 38 3 64 109 9 107 57 80 29 83 124 15 17 107 5 43 
123 106 63 18 0 54 117 71 16 128 19 98 53 100 81 3 72 77 43 4 92 99 
111 110 124 73 54 0 7 41 74 56 98 88 119 65 114 126 47 76 126 61 38 117 
122 5 88 38 117 7 0 59 118 118 97 94 48 9 125 68 27 119 91 27 36 23 
68 77 37 3 71 41 59 0 46 73 11 65 101 69 42 61 82 128 112 2 37 57 
18 64 67 64 16 74 118 46 0 59 94 122 63 14 64 32 79 127 44 16 7 127 
90 23 57 109 128 56 118 73 59 0 71 113 103 118 73 36 2 85 10 90 106 81 
80 58 56 9 19 98 97 11 94 71 0 42 115 103 99 7 34 117 65 101 51 94 
35 75 101 107 98 88 94 65 122 113 42 0 3 116 71 39 50 112 7 13 40 98 
48 3 11 57 53 119 48 101 63 103 115 3 0 71 18 126 121 51 94 44 81 106 
86 62 29 80 100 65 9 69 14 118 103 116 71 0 10 108 86 21 65 84 70 16 
93 88 121 29 81 114 125 42 64 73 99 71 18 10 0 43 108 112 1 104 116 12 
113 33 99 83 3 126 68 61 32 36 7 39 126 108 43 0 50 37 9 6 102 10 
44 66 51 124 72 47 27 82 79 2 34 50 121 86 108 50 0 75 22 6 21 38 
111 120 80 15 77 76 119 128 127 85 117 112 51 21 112 37 75 0 58 102 71 62 
74 45 21 17 43 126 91 112 44 10 65 7 94 65 1 9 22 58 0 127 16 109 
22 54 29 107 4 61 27 2 16 90 101 13 44 84 104 6 6 102 127 0 76 58 
96 94 91 5 92 38 36 37 7 106 51 40 81 70 116 102 21 71 16 76 0 57 
28 24 1 43 99 117 23 57 127 81 94 98 106 16 12 10 38 62 109 58 57 0 


Sciezka : [0, 8, 20, 3, 7, 19, 16, 9, 18, 14, 21, 1, 12, 11, 10, 15, 4, 5, 6, 13, 17, 2, 0]
Koszt: 375
Iteracje : 48
Czas dla pojedynczego wykonania algorytmu: 0.4493826000000354 sekund
Usredniony czas - pojedyncze wykonanie: 0.45736632000000044 sekund
