Algorytm: branch&bound
Ilosc miast: 13
Seria wykonan(150 lacznie, czas liczony dla 100)

-1 29 82 46 68 52 72 42 51 55 29 74 23 
29 -1 55 46 42 43 43 23 23 31 41 51 11 
82 55 -1 68 46 55 23 43 41 29 79 21 64 
46 46 68 -1 82 15 72 31 62 42 21 51 51 
68 42 46 82 -1 74 23 52 21 46 82 58 46 
52 43 55 15 74 -1 61 23 55 31 33 37 51 
72 43 23 72 23 61 -1 42 23 31 77 37 51 
42 23 43 31 52 23 42 -1 33 15 37 33 33 
51 23 41 62 21 55 23 33 -1 29 62 46 29 
55 31 29 42 46 31 31 15 29 -1 51 21 41 
29 41 79 21 82 33 77 37 62 51 -1 65 42 
74 51 21 51 58 37 37 33 46 21 65 -1 61 
23 11 64 51 46 51 51 33 29 41 42 61 -1 


Sciezka : [0, 10, 3, 5, 7, 9, 11, 2, 6, 4, 8, 1, 12, 0]
Koszt: 269
Sciezka : [0, 12, 1, 8, 4, 6, 2, 11, 9, 7, 5, 3, 10, 0]
Koszt: 269
Iteracje : 31
Czas dla pojedynczego wykonania algorytmu: 0.0711845000000153 sekund
Usredniony czas - pojedyncze wykonanie: 0.07255719100000163 sekund
