7
0 98 66 28 2 8 21 
98 0 89 116 113 93 2 
66 89 0 84 7 12 88 
28 116 84 0 30 110 116 
2 113 7 30 0 105 105 
8 93 12 110 105 0 109 
21 2 88 116 105 109 0 
