19
0 92 106 44 104 94 108 51 83 17 8 5 100 71 48 107 17 53 66 
92 0 39 67 39 90 113 9 56 100 75 71 11 66 12 56 106 59 54 
106 39 0 14 56 23 71 124 46 59 22 16 82 72 100 35 72 82 14 
44 67 14 0 28 33 96 95 10 107 10 53 92 35 2 85 87 8 97 
104 39 56 28 0 9 109 119 6 88 54 38 50 51 86 123 8 84 49 
94 90 23 33 9 0 114 28 112 76 124 29 19 92 88 118 128 81 36 
108 113 71 96 109 114 0 81 67 80 86 63 114 6 42 72 111 20 121 
51 9 124 95 119 28 81 0 117 11 86 42 16 36 15 12 39 2 68 
83 56 46 10 6 112 67 117 0 91 56 11 65 103 110 55 82 57 60 
17 100 59 107 88 76 80 11 91 0 4 57 22 38 39 104 88 20 58 
8 75 22 10 54 124 86 86 56 4 0 117 125 69 68 99 99 29 70 
5 71 16 53 38 29 63 42 11 57 117 0 43 36 128 75 101 122 44 
100 11 82 92 50 19 114 16 65 22 125 43 0 6 26 48 39 125 22 
71 66 72 35 51 92 6 36 103 38 69 36 6 0 72 106 51 111 34 
48 12 100 2 86 88 42 15 110 39 68 128 26 72 0 100 65 4 40 
107 56 35 85 123 118 72 12 55 104 99 75 48 106 100 0 103 26 51 
17 106 72 87 8 128 111 39 82 88 99 101 39 51 65 103 0 17 69 
53 59 82 8 84 81 20 2 57 20 29 122 125 111 4 26 17 0 39 
66 54 14 97 49 36 121 68 60 58 70 44 22 34 40 51 69 39 0 
